Level	AC	AC(N)	AC(H)	L-AC	L-AC(N)	L-AC(H)	TH	TH(N)	TH(H)	L-TH	L-TH(N)	L-TH(H)	HP	HP(N)	HP(H)	L-HP	L-HP(N)	L-HP(H)	*Laz/BDH	*Laz/BDT	*Laz/BDD	DM	DM(N)	DM(H)	L-DM	L-DM(N)	L-DM(H)	*Laz/BDH	*Laz/BDT	*Laz/BDD	XP	XP(N)	XP(H)	L-XP	L-XP(N)	L-XP(H)
0	1	1	1	1	1	1	1	1	1	1	1	1	1	1	1	1	1	1	1	1	1	1	1	1	1	1	1	1	1	1	1	1	1	1	1	1
1	12	37	62	12	37	62	10	92	174	10	92	174	30	153	398	30	153	398	30	128	324	1	4	6	1	4	6	2	6	10	30	78	117	30	78	117
2	18	43	68	18	43	68	11	93	175	11	93	175	44	166	411	44	166	411	41	139	335	2	4	7	2	4	7	3	7	11	40	104	156	40	104	156
3	24	49	74	24	49	74	16	98	180	16	98	180	58	180	425	58	180	425	52	150	346	3	5	8	3	5	8	5	9	13	50	131	197	50	131	197
4	30	55	80	30	55	80	21	103	185	21	103	185	63	185	430	63	185	430	56	154	350	4	6	9	4	6	9	6	10	14	60	156	234	60	156	234
5	37	62	87	37	62	87	26	108	190	26	108	190	66	189	434	66	189	434	59	157	353	5	7	10	5	7	10	8	12	16	70	182	273	70	182	273
6	43	68	93	43	68	93	31	113	195	31	113	195	71	194	439	71	194	439	63	161	357	5	8	11	5	8	11	9	13	17	80	207	311	80	207	311
7	49	74	99	49	74	99	37	119	201	37	119	201	81	204	449	81	204	449	71	169	365	6	9	12	6	9	12	10	14	18	90	234	351	90	234	351
8	55	80	105	55	80	105	43	125	207	43	125	207	90	213	458	90	213	458	78	176	372	7	10	13	7	10	13	12	16	20	100	260	390	100	260	390
9	61	86	111	61	86	111	49	131	213	49	131	213	99	221	466	99	221	466	85	183	379	8	11	14	8	11	14	13	17	21	110	285	428	110	285	428
10	67	92	117	67	92	117	55	137	219	55	137	219	109	231	476	109	231	476	93	191	387	9	12	14	9	12	14	14	18	22	120	312	468	120	312	468
11	73	98	123	73	98	123	62	144	226	62	144	226	118	240	485	118	240	485	100	198	394	10	13	15	10	13	15	16	20	24	130	338	507	130	338	507
12	79	104	129	79	104	129	68	150	232	68	150	232	133	255	500	133	255	500	112	210	406	11	14	16	11	14	16	17	21	25	140	363	545	140	363	545
13	85	110	135	85	110	135	75	157	239	75	157	239	148	270	515	148	270	515	124	222	418	12	15	17	12	15	17	19	23	27	154	401	602	154	401	602
14	92	117	142	92	117	142	82	164	246	82	164	246	163	285	530	163	285	530	136	234	430	13	15	18	13	15	18	20	24	28	169	440	660	169	440	660
15	98	123	148	98	123	148	89	171	253	89	171	253	178	300	545	178	300	545	148	246	442	14	16	19	14	16	19	21	25	29	186	482	723	186	482	723
16	104	129	154	104	129	154	97	179	261	97	179	261	193	315	560	193	315	560	160	258	454	15	17	20	15	17	20	23	27	31	205	533	800	205	533	800
17	110	135	160	110	135	160	104	186	268	104	186	268	214	336	581	214	336	581	177	275	471	16	18	21	16	18	21	24	28	32	225	584	876	225	584	876
18	116	141	166	116	141	166	112	194	276	112	194	276	235	358	603	235	358	603	194	292	488	16	19	22	16	19	22	25	29	33	248	644	966	248	644	966
19	122	147	172	122	147	172	120	202	284	120	202	284	256	379	624	256	379	624	211	309	505	17	20	23	17	20	23	27	31	35	273	708	1062	273	708	1062
20	128	153	178	128	153	178	128	210	292	128	210	292	278	400	645	278	400	645	228	326	522	18	21	24	18	21	24	28	32	36	300	779	1169	300	779	1169
21	134	159	184	134	159	184	137	219	301	137	219	301	299	421	666	299	421	666	245	343	539	19	22	25	19	22	25	30	34	38	330	857	1286	330	857	1286
22	140	165	190	140	165	190	146	228	310	146	228	310	329	451	696	329	451	696	269	367	563	20	23	25	20	23	25	31	35	39	363	942	1413	363	942	1413
23	147	172	197	147	172	197	155	237	319	155	237	319	358	480	725	358	480	725	292	390	586	21	24	26	21	24	26	32	36	40	399	1035	1553	399	1035	1553
24	153	178	203	153	178	203	164	246	328	164	246	328	386	509	754	386	509	754	315	413	609	22	25	27	22	25	27	34	38	42	439	1139	1709	439	1139	1709
25	159	184	209	159	184	209	173	255	337	173	255	337	415	538	783	415	538	783	338	436	632	23	26	28	23	26	28	35	39	43	470	1220	1830	470	1220	1830
26	165	190	215	165	190	215	183	265	347	183	265	347	444	566	811	444	566	811	361	459	655	24	26	29	24	26	29	36	40	44	503	1305	1958	503	1305	1958
27	171	196	221	171	196	221	193	275	357	193	275	357	483	605	850	483	605	850	392	490	686	25	27	30	25	27	30	38	42	46	538	1397	2096	538	1397	2096
28	177	202	227	177	202	227	203	285	367	203	285	367	520	643	888	520	643	888	422	520	716	26	28	31	26	28	31	39	43	47	576	1494	2241	576	1494	2241
29	183	208	233	183	208	233	213	295	377	213	295	377	559	681	926	559	681	926	453	551	747	27	29	32	27	29	32	41	45	49	616	1598	2397	616	1598	2397
30	189	214	239	189	214	239	224	306	388	224	306	388	595	718	963	595	718	963	482	580	776	27	30	33	27	30	33	42	46	50	659	1709	2564	659	1709	2564
31	195	220	245	195	220	245	235	317	399	235	317	399	633	755	1000	633	755	1000	512	610	806	28	31	34	28	31	34	43	47	51	706	1832	2748	706	1832	2748
32	202	227	252	202	227	252	246	328	410	246	328	410	683	805	1050	683	805	1050	552	650	846	29	32	35	29	32	35	45	49	53	755	1958	2937	755	1958	2937
33	208	233	258	208	233	258	257	339	421	257	339	421	731	854	1099	731	854	1099	591	689	885	30	33	36	30	33	36	46	50	54	808	2097	3146	808	2097	3146
34	214	239	264	214	239	264	269	351	433	269	351	433	779	901	1146	779	901	1146	629	727	923	31	34	36	31	34	36	47	51	55	864	2241	3362	864	2241	3362
35	220	245	270	220	245	270	281	363	445	281	363	445	826	949	1194	826	949	1194	667	765	961	32	35	37	32	35	37	49	53	57	925	2399	3599	925	2399	3599
36	226	251	276	226	251	276	293	375	457	293	375	457	874	996	1241	874	996	1241	705	803	999	33	36	38	33	36	38	50	54	58	990	2568	3852	990	2568	3852
37	232	257	282	232	257	282	306	388	470	306	388	470	936	1059	1304	936	1059	1304	755	853	1049	34	37	39	34	37	39	52	56	60	1059	2745	4118	1059	2745	4118
38	238	263	288	238	263	288	311	393	475	311	393	475	998	1120	1365	998	1120	1365	804	902	1098	35	37	40	35	37	40	53	57	61	1133	2939	4409	1133	2939	4409
39	244	269	294	244	269	294	317	399	481	317	399	481	1058	1180	1425	1058	1180	1425	852	950	1146	36	38	41	36	38	41	54	58	62	1212	3144	4716	1212	3144	4716
40	250	275	300	250	275	300	323	405	487	323	405	487	1118	1240	1485	1118	1240	1485	900	998	1194	37	39	42	37	39	42	56	60	64	1297	3365	5048	1297	3365	5048
41	257	282	307	257	282	307	329	411	493	329	411	493	1176	1299	1544	1176	1299	1544	947	1045	1241	38	40	43	38	40	43	57	61	65	1388	3600	5400	1388	3600	5400
42	263	288	313	263	288	313	335	417	499	335	417	499	1253	1375	1620	1253	1375	1620	1008	1106	1302	38	41	44	38	41	44	58	62	66	1485	3852	5778	1485	3852	5778
43	269	294	319	269	294	319	341	423	505	341	423	505	1328	1450	1695	1328	1450	1695	1068	1166	1362	39	42	45	39	42	45	60	64	68	1589	4121	6182	1589	4121	6182
44	275	300	325	275	300	325	347	429	511	347	429	511	1401	1524	1769	1401	1524	1769	1127	1225	1421	40	43	46	40	43	46	61	65	69	1693	4409	6614	1693	4409	6614
45	281	306	331	281	306	331	353	435	517	353	435	517	1475	1598	1843	1475	1598	1843	1186	1284	1480	41	44	47	41	44	47	63	67	71	1797	4718	7077	1797	4718	7077
46	287	312	337	287	312	337	359	441	523	359	441	523	1548	1670	1915	1548	1670	1915	1244	1342	1538	42	45	47	42	45	47	64	68	72	1901	5051	7577	1901	5051	7577
47	293	318	343	293	318	343	376	458	540	376	458	540	1640	1763	2008	1640	1763	2008	1318	1416	1612	43	46	48	43	46	48	65	69	73	2005	5402	8103	2005	5402	8103
48	299	324	349	299	324	349	387	469	551	387	469	551	1731	1854	2099	1731	1854	2099	1391	1489	1685	44	47	49	44	47	49	67	71	75	2109	5783	8675	2109	5783	8675
49	305	330	355	305	330	355	398	480	562	398	480	562	1821	1944	2189	1821	1944	2189	1463	1561	1757	45	48	50	45	48	50	68	72	76	2213	6186	9279	2213	6186	9279
50	312	337	362	312	337	362	409	491	573	409	491	573	1910	2033	2278	1910	2033	2278	1534	1632	1828	46	48	51	46	48	51	69	73	77	2317	6618	9927	2317	6618	9927
51	318	343	368	318	343	368	421	503	585	421	503	585	1998	2120	2365	1998	2120	2365	1604	1702	1898	47	49	52	47	49	52	71	75	79	2421	7080	10620	2421	7080	10620
52	324	349	374	324	349	374	432	514	596	432	514	596	2109	2231	2476	2109	2231	2476	1693	1791	1987	48	50	53	48	50	53	72	76	80	2525	7506	11259	2525	7506	11259
53	330	355	380	330	355	380	444	526	608	444	526	608	2219	2341	2586	2219	2341	2586	1781	1879	2075	49	51	54	49	51	54	74	78	82	2629	7956	11934	2629	7956	11934
54	336	361	386	336	361	386	456	538	620	456	538	620	2326	2449	2694	2326	2449	2694	1867	1965	2161	49	52	55	49	52	55	75	79	83	2733	8435	12653	2733	8435	12653
55	342	367	392	342	367	392	468	550	632	468	550	632	2433	2555	2800	2433	2555	2800	1952	2050	2246	50	53	56	50	53	56	76	80	84	2837	8942	13413	2837	8942	13413
56	348	373	398	348	373	398	480	562	644	480	562	644	2539	2661	2906	2539	2661	2906	2037	2135	2331	51	54	57	51	54	57	78	82	86	2941	9477	14216	2941	9477	14216
57	354	379	404	354	379	404	492	574	656	492	574	656	2670	2793	3038	2670	2793	3038	2142	2240	2436	52	55	58	52	55	58	79	83	87	3045	10044	15066	3045	10044	15066
58	360	385	410	360	385	410	505	587	669	505	587	669	2800	2923	3168	2800	2923	3168	2246	2344	2540	53	56	58	53	56	58	80	84	88	3149	10647	15971	3149	10647	15971
59	367	392	417	367	392	417	518	600	682	518	600	682	2929	3051	3296	2929	3051	3296	2349	2447	2643	54	57	59	54	57	59	82	86	90	3253	11286	16929	3253	11286	16929
60	373	398	423	373	398	423	531	613	695	531	613	695	3055	3178	3423	3055	3178	3423	2450	2548	2744	55	58	60	55	58	60	83	87	91	3357	11964	17946	3357	11964	17946
61	379	404	429	379	404	429	544	626	708	544	626	708	3180	3303	3548	3180	3303	3548	2550	2648	2844	56	59	61	56	59	61	85	89	93	3461	12680	19020	3461	12680	19020
62	385	410	435	385	410	435	557	639	721	557	639	721	3335	3458	3703	3335	3458	3703	2674	2772	2968	57	59	62	57	59	62	86	90	94	3565	13442	20163	3565	13442	20163
63	391	416	441	391	416	441	571	653	735	571	653	735	3486	3609	3854	3486	3609	3854	2795	2893	3089	58	60	63	58	60	63	87	91	95	3669	14249	21374	3669	14249	21374
64	397	422	447	397	422	447	584	666	748	584	666	748	3634	3756	4001	3634	3756	4001	2913	3011	3207	59	61	64	59	61	64	89	93	97	3773	15104	22656	3773	15104	22656
65	403	428	453	403	428	453	598	680	762	598	680	762	3779	3901	4146	3779	3901	4146	3029	3127	3323	60	62	65	60	62	65	90	94	98	3877	16010	24015	3877	16010	24015
66	409	434	459	409	434	459	612	694	776	612	694	776	3923	4045	4290	3923	4045	4290	3144	3242	3438	60	63	66	60	63	66	91	95	99	3981	16916	25374	3981	16916	25374
67	415	440	465	415	440	465	626	708	790	626	708	790	4099	4221	4466	4099	4221	4466	3285	3383	3579	61	64	67	61	64	67	93	97	101	4085	17822	26733	4085	17822	26733
68	422	447	472	422	447	472	641	723	805	641	723	805	4271	4394	4639	4271	4394	4639	3423	3521	3717	62	65	68	62	65	68	94	98	102	4189	18728	28092	4189	18728	28092
69	428	453	478	428	453	478	656	738	820	656	738	820	4441	4564	4809	4441	4564	4809	3559	3657	3853	63	66	69	63	66	69	96	100	104	4293	19634	29451	4293	19634	29451
70	434	459	484	434	459	484	670	752	834	670	752	834	4608	4730	4975	4608	4730	4975	3692	3790	3986	64	67	69	64	67	69	97	101	105	4397	20540	30810	4397	20540	30810
71	440	465	490	440	465	490	685	767	849	685	767	849	4773	4895	5140	4773	4895	5140	3824	3922	4118	65	68	70	65	68	70	98	102	106	4501	21446	32169	4501	21446	32169
72	446	471	496	446	471	496	701	783	865	701	783	865	4975	5098	5343	4975	5098	5343	3986	4084	4280	66	69	71	66	69	71	100	104	108	4605	22352	33528	4605	22352	33528
73	452	477	502	452	477	502	716	798	880	716	798	880	5173	5295	5540	5173	5295	5540	4144	4242	4438	67	70	72	67	70	72	101	105	109	4709	23258	34887	4709	23258	34887
74	458	483	508	458	483	508	732	814	896	732	814	896	5366	5489	5734	5366	5489	5734	4299	4397	4593	68	70	73	68	70	73	102	106	110	4813	24164	36246	4813	24164	36246
75	464	489	514	464	489	514	748	830	912	748	830	912	5558	5680	5925	5558	5680	5925	4452	4550	4746	69	71	74	69	71	74	104	108	112	4917	25070	37605	4917	25070	37605
76	470	495	520	470	495	520	764	846	928	764	846	928	5745	5868	6113	5745	5868	6113	4602	4700	4896	70	72	75	70	72	75	105	109	113	5021	25976	38964	5021	25976	38964
77	477	502	527	477	502	527	780	862	944	780	862	944	5976	6099	6344	5976	6099	6344	4787	4885	5081	71	73	76	71	73	76	107	111	115	5125	26882	40323	5125	26882	40323
78	483	508	533	483	508	533	797	879	961	797	879	961	6203	6325	6570	6203	6325	6570	4968	5066	5262	71	74	77	71	74	77	108	112	116	5229	27788	41682	5229	27788	41682
79	489	514	539	489	514	539	813	895	977	813	895	977	6424	6546	6791	6424	6546	6791	5145	5243	5439	72	75	78	72	75	78	109	113	117	5333	28694	43041	5333	28694	43041
80	495	520	545	495	520	545	830	912	994	830	912	994	6641	6764	7009	6641	6764	7009	5319	5417	5613	73	76	79	73	76	79	111	115	119	5437	29600	44400	5437	29600	44400
81	501	526	551	501	526	551	847	929	1011	847	929	1011	6856	6979	7224	6856	6979	7224	5491	5589	5785	74	77	80	74	77	80	112	116	120	5541	30506	45759	5541	30506	45759
82	507	532	557	507	532	557	865	947	1029	865	947	1029	7119	7241	7486	7119	7241	7486	5701	5799	5995	75	78	80	75	78	80	113	117	121	5645	31412	47118	5645	31412	47118
83	513	538	563	513	538	563	882	964	1046	882	964	1046	7375	7498	7743	7375	7498	7743	5906	6004	6200	76	79	81	76	79	81	115	119	123	5749	32318	48477	5749	32318	48477
84	519	544	569	519	544	569	900	982	1064	900	982	1064	7628	7750	7995	7628	7750	7995	6108	6206	6402	77	80	82	77	80	82	116	120	124	5853	33224	49836	5853	33224	49836
85	525	550	575	525	550	575	918	1000	1082	918	1000	1082	7875	7998	8243	7875	7998	8243	6306	6404	6600	78	81	83	78	81	83	118	122	126	5957	34130	51195	5957	34130	51195
86	532	557	582	532	557	582	936	1018	1100	936	1018	1100	8120	8243	8488	8120	8243	8488	6502	6600	6796	79	81	84	79	81	84	119	123	127	6061	35036	52554	6061	35036	52554
87	538	563	588	538	563	588	955	1037	1119	955	1037	1119	8416	8539	8784	8416	8539	8784	6739	6837	7033	80	82	85	80	82	85	120	124	128	6165	35942	53913	6165	35942	53913
88	544	569	594	544	569	594	973	1055	1137	973	1055	1137	8708	8830	9075	8708	8830	9075	6972	7070	7266	81	83	86	81	83	86	122	126	130	6269	36848	55272	6269	36848	55272
89	550	575	600	550	575	600	992	1074	1156	992	1074	1156	8993	9115	9360	8993	9115	9360	7200	7298	7494	82	84	87	82	84	87	123	127	131	6373	37754	56631	6373	37754	56631
90	556	581	606	556	581	606	1011	1093	1175	1011	1093	1175	9274	9396	9641	9274	9396	9641	7425	7523	7719	82	85	88	82	85	88	124	128	132	6477	38660	57990	6477	38660	57990
91	562	587	612	562	587	612	1031	1113	1195	1031	1113	1195	9551	9674	9919	9551	9674	9919	7647	7745	7941	83	86	89	83	86	89	126	130	134	6581	39566	59349	6581	39566	59349
92	568	593	618	568	593	618	1050	1132	1214	1050	1132	1214	9886	10009	10254	9886	10009	10254	7915	8013	8209	84	87	90	84	87	90	127	131	135	6685	40472	60708	6685	40472	60708
93	574	599	624	574	599	624	1070	1152	1234	1070	1152	1234	10215	10338	10583	10215	10338	10583	8178	8276	8472	85	88	91	85	88	91	129	133	137	6789	41378	62067	6789	41378	62067
94	580	605	630	580	605	630	1090	1172	1254	1090	1172	1254	10536	10659	10904	10536	10659	10904	8435	8533	8729	86	89	91	86	89	91	130	134	138	6893	42284	63426	6893	42284	63426
95	587	612	637	587	612	637	1111	1193	1275	1111	1193	1275	10853	10975	11220	10853	10975	11220	8688	8786	8982	87	90	92	87	90	92	131	135	139	6997	43190	64785	6997	43190	64785
96	593	618	643	593	618	643	1131	1213	1295	1131	1213	1295	11165	11288	11533	11165	11288	11533	8938	9036	9232	88	91	93	88	91	93	133	137	141	7101	44096	66144	7101	44096	66144
97	599	624	649	599	624	649	1152	1234	1316	1152	1234	1316	11543	11665	11910	11543	11665	11910	9240	9338	9534	89	92	94	89	92	94	134	138	142	7205	45002	67503	7205	45002	67503
98	605	630	655	605	630	655	1173	1255	1337	1173	1255	1337	11911	12034	12279	11911	12034	12279	9535	9633	9829	90	92	95	90	92	95	135	139	143	7309	45908	68862	7309	45908	68862
99	611	636	661	611	636	661	1194	1276	1358	1194	1276	1358	12273	12395	12640	12273	12395	12640	9824	9922	10118	91	93	96	91	93	96	137	141	145	7413	46814	70221	7413	46814	70221
100	1	1	1	1	1	1	1	1	1	1	1	1	1	1	1	1	1	1	1	1	1	1	1	1	1	1	1	1	1	1	1	1	1	1	1	1
101	1	1	1	1	1	1	1	1	1	1	1	1	1	1	1	1	1	1	1	1	1	1	1	1	1	1	1	1	1	1	1	1	1	1	1	1
102	1	1	1	1	1	1	1	1	1	1	1	1	1	1	1	1	1	1	1	1	1	1	1	1	1	1	1	1	1	1	1	1	1	1	1	1
103	1	1	1	1	1	1	1	1	1	1	1	1	1	1	1	1	1	1	1	1	1	1	1	1	1	1	1	1	1	1	1	1	1	1	1	1
104	1	1	1	1	1	1	1	1	1	1	1	1	1	1	1	1	1	1	1	1	1	1	1	1	1	1	1	1	1	1	1	1	1	1	1	1
105	1	1	1	1	1	1	1	1	1	1	1	1	1	1	1	1	1	1	1	1	1	1	1	1	1	1	1	1	1	1	1	1	1	1	1	1
106	1	1	1	1	1	1	1	1	1	1	1	1	1	1	1	1	1	1	1	1	1	1	1	1	1	1	1	1	1	1	1	1	1	1	1	1
107	1	1	1	1	1	1	1	1	1	1	1	1	1	1	1	1	1	1	1	1	1	1	1	1	1	1	1	1	1	1	1	1	1	1	1	1
108	1	1	1	1	1	1	1	1	1	1	1	1	1	1	1	1	1	1	1	1	1	1	1	1	1	1	1	1	1	1	1	1	1	1	1	1
109	1	1	1	1	1	1	1	1	1	1	1	1	1	1	1	1	1	1	1	1	1	1	1	1	1	1	1	1	1	1	1	1	1	1	1	1
110	1	1	1	1	1	1	1	1	1	1	1	1	1	1	1	1	1	1	1	1	1	1	1	1	1	1	1	1	1	1	1	1	1	1	1	1
